feat_0,feat_1,feat_2,feat_3,feat_4,feat_5,feat_6,feat_7,feat_8,feat_9,target
-0.5646408555493516,3.638629100576133,-1.5224146942667398,-1.5417047692833283,1.6166972043694552,4.781310109034276,3.1902921949543805,-0.8902544200486536,1.4388263794542226,-3.828747577648494,0
0.27838450759511846,1.0658279633802807,-1.7249168959418097,-2.235666552795251,0.7151073004019334,0.7312485208153647,-0.6741188515855767,0.5983301738078541,-0.5242827429098788,1.0476099591928825,0
1.5127621501356776,1.5378685680525694,-0.5954232028760423,0.07304653885740331,-0.2854691448315486,2.4282277894307196,1.914929534973754,-0.43969995093580877,-0.7818468740233404,-1.8571988104709358,1
-1.4275299417148402,0.3757213462149327,0.517230050277387,3.1396637023475775,-1.7929103956959758,0.8650749771843453,1.2327250379072459,1.544984795382366,-0.30867740967478285,-4.8598299033101,0
-0.016524755455878504,2.402183601336023,-0.012143411138766203,-1.1896522500461582,0.011026300691781676,1.8127128158792618,0.2843241112390629,0.24937028272765205,0.24213315567402635,-1.9600492042619815,0
-0.16497531429811896,0.663061707112329,0.6238959430765766,2.992847516620234,-2.2958886113061205,0.9096356721136384,1.1023216835471161,0.9733659524856143,-0.5762619290282724,-4.52456110800985,1
-0.049520794082670405,-2.1398597126788212,0.1995073264388884,-0.4485820351708415,2.864968574549792,1.0269912014142388,2.643097260762553,1.7693373234006244,0.05641945327380404,2.8517060484457435,0
1.9743568484658625,-0.0036845503881723918,0.8619647560864865,0.8552127253768044,-1.2349250541016428,1.2998582698502876,1.0670770290156144,0.005635830296852785,-2.2408467440227384,-0.7421493729094665,1
1.366613827554107,-0.2650822723081325,-0.45127053092953,-1.7764569115231603,1.5427687765652558,0.5321508792853051,0.5856745245425465,-0.9844554964640968,1.3714747821409226,2.8168532185350688,0
1.6252856659220911,-1.4957764854156506,-0.7296336453351577,-0.8169870555321109,2.2656320678728505,-0.4475874513214163,1.444959556436245,-0.9780883762484497,-0.020239721297646392,3.9485350835646384,1
0.5733799498645167,0.006284410768800264,2.81598590372273,-2.014225309233413,0.9335479325780174,0.7354221004108029,-0.2708179581314131,-0.8552063823110898,1.5984264553578396,2.0361538008853675,0
-0.6414159694809506,-1.5110475615001584,-0.3034836298567393,-0.41874017607143976,2.208430074927759,0.9296920733929591,1.8800570827833547,1.0036907111120021,-1.9264549394595483,1.752366102413003,0
0.8397597169128039,-1.0827220706922982,-1.7580551914371976,-2.3490584197369495,1.6226675414718734,1.732549807430638,0.6793293759149478,-0.6302828007794473,0.2890220506054031,3.227980157588918,0
-0.048063258804639464,0.43806009943168145,0.14376464310858494,-0.9149890098836182,-0.4492937906203869,0.5111693702417164,-0.8609092935157406,1.284590718685139,1.315094010107804,-0.03363126888527927,0
0.9918120036536009,1.2964981741412536,-0.02675124557413819,-0.22909949442334865,1.1392741697508724,2.224087378222479,2.6213331693083934,-0.30965981218568894,1.5814637234833284,-1.035585005894165,0
-0.3900079429766026,-1.0159760604173116,-1.695962008377259,-1.4757463720549808,0.1107493983670389,0.22200658794610684,-1.2440071951002247,-0.13479985209347917,-0.14092592389881278,1.9014765655124777,0
2.4862332624489625,2.474081606059822,-0.5251585306982606,-1.699829173485884,0.5526892649517703,-0.8380798577719488,-0.5275175349918441,-0.1402830333573683,1.193103673332268,1.1787448170920976,1
1.07360513144691,1.1423170759907175,-0.2403008051482479,-1.1788560299090698,0.04896295398630157,-1.754368505011691,-1.6459844368282344,-0.36912727307249366,-2.0918640945508673,1.4006759129004438,1
0.6294061918014073,-3.8827572356686666,-0.7249040318247932,-0.6450074077925869,4.586175383880743,-1.8879316333661,2.2833021276633114,-0.933753736140097,1.2502869129412333,6.924858290362698,1
3.4413032767024117,-1.2695824710491617,-0.5393981015339728,-2.0915410107844856,0.44479956366969176,0.18860322509944494,-0.3085534438802095,1.1815631368820914,-0.9668815259640181,4.8366825725004645,1
-0.13243837145832438,-1.2085412886278248,0.6301795923651135,-0.5802634317289278,2.59262099273732,-2.105512476681869,0.37781065637105155,-1.7151199546946958,0.6717424821918727,3.4442567140397973,1
-0.7664278502093012,-0.16381784341180639,0.010933013243189653,-1.8027722780093707,-1.35532819056482,-0.9411941176212553,-3.622346159277813,0.1498670913877777,-0.22937568736475497,1.217998864625128,1
-1.4776934183938362,-0.6529585058279691,2.2494375841962904,-1.8557337221834904,-0.7395240311375748,0.17331184370826513,-2.683306523966246,0.553001671903652,0.5375853070438055,1.0317434682671778,0
-2.9094471917118163,-1.1291633859024548,2.4264636746069916,-2.2308155767071383,-2.0989341578013514,-3.787260750159266,-7.184847526875649,-0.44340967321854846,-1.9812436205537804,2.346065480665402,0
-0.9412398624051637,1.6621476178739059,-1.4845315419310572,-2.3219599449761326,-1.277559251583186,-0.873578107932628,-3.8771190100450776,-0.1270369028750425,-1.7262347840120666,-0.05541217898162357,1
0.350607452153058,-0.18823364690484545,-0.6892040470850336,-0.029715172723073335,-3.3243534872309484,0.5887380111652467,-2.5465220491671388,-0.2942806125613498,0.34003460920573797,-1.1307000960738445,1
3.2748245722582885,-0.30919121203237654,-0.23370501170845875,0.8602859598860686,2.4588772541465524,-0.1605085633369998,3.8647837074557434,2.188498986095991,1.5057911210760857,2.27017704644385,0
0.009729658896811877,3.2594943818844815,0.9672729750616863,-0.2538572776545268,1.5856703011584823,4.512251968924117,4.265312288193688,-1.37388911758857,-0.11687312836621294,-4.178483998318006,0
-0.46567629855453907,-1.9025443517898109,1.3387779704210623,0.009802479646078055,1.9778110773830824,-2.079091681409695,0.1964614636907304,0.31238724341164475,0.29519306170841997,3.136017650061962,1
-1.1427337407940459,-0.8105578286620165,-1.7000197678102116,0.563228709932712,-1.4035261794411165,2.5894443863595162,0.41940076146612604,0.7900154089781791,0.4667552048385791,-2.095306524680972,1
-1.083869468920435,-0.37979955141591937,1.6216475959513212,-3.169162996122974,-2.6899799705688823,0.10837024245489402,-5.469361067808757,0.3180681628612475,-0.3320847466741954,1.430925416984674,0
3.0805532400393374,-0.9867283961325839,1.4418053290159079,0.29912571654593223,1.6879437286128747,-1.034101694114966,2.028468215620963,-0.11149078712511214,-0.7180388134051491,3.369526135640995,0
-0.07969275943199139,1.6557555462248943,-0.7723178427228345,2.085215216427847,-1.7794425842694286,1.640653233149263,1.3359889682781876,-0.2031807366208805,-1.2325760546154823,-4.729259830797645,1
-0.017217566486744662,2.5604758494394817,-0.18018083137286925,-1.1487433700816814,1.051310981487338,2.5338976617248727,1.7146741700829349,-0.6564299636141254,-0.2601753497955941,-2.083707240078917,0
-0.4847408552059358,0.4348353920653043,0.7295193509862021,-3.4264411137006974,0.42594595947668923,2.1214755069916613,-1.3904980717741757,-0.510120739478876,2.1356261011732305,1.472421692981876,0
0.4456588219857205,-1.9847143426129454,-0.5173629891422328,-0.9642600578786574,1.6664297398197214,-1.7730678956347674,-0.45632129232174207,-0.032990302827250004,-0.3822522475718751,4.273325771169965,1
-1.4931549207498969,-0.4591134811612747,0.46957889689839183,1.1088578964443478,-0.9934305501898775,1.3688732859938126,0.41690113064060097,0.10103348798279618,1.7726916608999155,-2.3442900442831487,1
-1.2158643995226863,-1.683521125697516,0.0021462821265419876,-1.7336538549292237,1.011337872742219,1.5034819143618336,-0.17304786843907433,-0.0412437066390535,0.7544756997706997,2.0173916245468253,0
3.6437438158855047,-2.361815364641481,-1.2192863858260627,-0.8481586250523625,1.1261596179816873,-0.2937918862845308,1.0625379392335483,0.15984057716539674,0.7881218046934625,5.3252594243049645,1
1.6673684709043057,0.9754908706365923,0.13617467474782943,-2.1538628575358403,-0.21029209935158222,0.46900894303937124,-1.1651938487157814,0.6009383807117264,-0.0012678534874969365,1.574836224243834,1
-0.6115654017718712,1.665085962271295,-1.1510247094577337,1.0091755583888673,-1.1676373919086172,1.5743770954286536,0.7424676366618044,0.22089765608138748,-1.381432652530298,-3.838227838597843,1
2.570354442858735,1.845072882493299,0.5052110240856904,0.36017757003689743,-1.0516611439614054,-0.24569947292216776,0.16829940133678672,-0.4045549175583959,0.39311465605803403,-0.8583374668617769,1
-2.9243453447439203,-1.8913258304500693,0.7186526282557465,-2.350081172832228,-1.6551086399735566,-4.34147718695851,-7.298062797917486,1.811496881871767,-0.9517444732917201,3.540630627594432,0
1.934905884393594,0.29308557147527114,-1.3680741085319892,0.24473950370944353,1.6359048253064152,0.8520490842257651,2.8451575168647345,-2.4050695499102095,-0.32010047635008365,0.7734718174849247,0
0.2529477266768896,-1.4334563483330305,1.3404064201142178,0.8823767771146991,4.375753059473867,2.8482773420403555,6.438453339276305,1.4590223482918887,1.4189180719126842,0.9588631778591372,0
-2.0232661063884114,-2.582407245822547,0.46644580083980597,-2.166719665435626,1.1366317126159857,1.2392606025765227,-0.9246990245805603,-0.9460298263509611,0.37703383782801303,2.9278145182560937,0
1.428819890670472,-1.3292380167980018,1.420618292774008,-0.5604388360589504,1.0401754315516023,-1.5190321208411635,-0.14908956358351266,-0.40553991406707834,0.8630607812527138,3.516384568759719,1
-0.2957269089272665,-2.017678673651609,0.3598539647549959,-0.7490362588049284,4.047182900418969,-2.1154804377607754,1.4174093819388243,-1.0079942388684906,-1.9004897060177401,4.767767842580029,1
-1.186733976691189,-0.41865572285719377,0.6528415343211572,-0.7998708749852959,0.859118785440932,1.7851922483703793,0.7820329477104689,1.019343267248685,-0.8125757823108081,-0.081276835482088,0
2.0455912976325696,-2.192124442759621,-0.9057893786017872,-1.1010902780373921,2.964423094365757,0.07921712303206485,2.2334076211229115,-0.6434350670302766,0.8348285011924532,5.0513878096178235,1
1.8578602017567722,1.8090698650592079,1.4844590928257,-1.8389256111718848,1.7927237668845488,-0.8317295965786193,0.21951998509727888,-0.615352766761434,-2.3384282002430976,2.013433656343411,1
-1.9586378375181765,-0.6774183347262543,0.20158011419959287,-2.476160787256318,-1.8542418304699622,-1.2272329736399765,-5.248666802601873,0.636670153695832,-0.5673638056071063,1.5650218931543016,0
1.8441280311720867,-0.8553835276243584,-1.9286814348628423,0.28489542768292764,3.425904382590788,3.6336078589238827,6.103168413124475,-0.7882191047163172,-0.13200385285427224,1.0877607293466804,0
-1.1965922003037468,-0.8678162629140214,-0.006752405155139963,-0.9002754405942966,0.4430273715158455,-0.5246592333904172,-1.1548398257774979,-0.3992821430855018,-0.640684993497601,1.315830014806807,0
-0.30993407421053276,1.0332196707262493,0.539401988209408,-0.7671592258504805,-1.0724562857110214,0.8307281133517829,-1.1302075474827011,0.43129981306371623,1.820871810123474,-1.2095403812010772,1
-1.6143352562339766,-1.8065001024340073,-0.6993034391025061,-0.1306647479787234,2.35834867003494,-0.8231524419947969,0.8429159892523959,1.0610866281588633,-0.6384124186695391,2.118353181479455,0
1.0758538812855647,0.6070395538864392,-0.5276851944169594,0.8372553333815924,-1.0711721845386633,2.352453188092249,1.616891132721614,0.7030651467411015,-0.6483003273443845,-2.175824340805946,1
2.2648757802500485,1.1146155184885522,-1.3146373957920054,2.232805211904827,-1.6658712398622726,-0.8448514553344133,0.7171373753561066,0.8900101268264297,-1.9394054081418746,-1.930533139693866,1
2.7574456489524155,0.6297452064743996,-1.8155416295253364,1.1231947079892444,1.5664812191575865,-0.20078153172843072,3.1750673101988043,-0.6973091506990274,-1.6095209830809794,0.6203267974004986,0
-1.8010990835611742,-1.827840559246357,-0.19714738095841283,-1.2426555498930019,1.957230138523972,2.215534171851501,1.3498672912592986,0.2876976070117176,0.4126650231818217,1.4339769853534707,0
0.5939620026406933,-1.8539858846419814,1.247385291974663,0.32182284263403593,4.124509826480077,2.5823627709749446,5.636362051019515,-0.17115638675036388,1.3960213653814821,2.025801698010608,0
-0.8118488491353393,0.8120251109019738,0.04481819710016778,4.224313182669015,-2.3227860402367684,0.12332132683799957,1.4643622795411007,-0.6406836367077731,-0.15229797849414675,-5.7045633298454375,1
1.7055751915338386,0.25215915356496277,1.5812719516191547,-0.2320033754926364,1.1006809044757895,0.3769897256715823,1.5794109650784933,-2.2456704382724957,1.2079940398603866,1.1183580628263132,0
0.5480322407493041,2.504969056768815,-1.1815231616646271,-0.4175897353532848,1.1376076223616365,3.0828430456125115,2.943107935804007,1.6403972809330398,0.648943606259271,-2.583764651463935,0
-0.762124389529296,1.4408852486201114,-0.44443329292291694,2.100643021234549,-1.4982058225166295,1.4313982855374805,1.2395003395057294,1.2803323038717285,0.7388232834503655,-4.713218016237111,1
-0.7100539147016187,-1.3011688317881833,-0.5414316450742607,-1.8058979353816391,0.9828939478462921,3.161945034192296,0.960755076409979,0.2882515778693265,0.3183729395146662,1.2289135126691617,0
3.956627550763971,1.6912609378419532,-0.349851743778128,-1.3621425349664222,0.15441573329601654,-0.8914916591258932,-0.22032445270334686,0.7077148828661287,2.087993682510094,2.2446833328917295,1
-0.08648905915468408,-0.5441310536181097,-2.197913445574011,-1.0320859315655972,-0.2361346752161102,-1.275947984416005,-1.971504888480507,0.8453913832780725,-0.8613630529495482,1.8283048934675445,0
0.9779855148453886,0.7877654040308582,0.5826808130151858,-1.4392569566151072,0.5878814622784991,-1.7000183833919134,-1.4116881441968343,1.4325861182252961,0.040614086965532745,2.064055868688788,0
-0.4212612125185551,0.43534606442912904,0.5173372946836405,2.4031094667517596,-1.7299159979682064,2.162548173831147,1.7805533733599659,1.8293296635272782,-0.6288979540423771,-4.322644440435213,1
-0.24977677989850866,0.022084038923591454,-1.2847961599318027,-1.4944117208813141,-0.4547411172238922,1.393291527325681,-0.9147099635610613,-0.008734975897599313,-1.1208471535655697,0.31525202844004635,0
1.7622840270082238,0.015845807301883785,0.39015394001345316,1.7255809018232626,-0.7713671430011932,-0.391574668221214,1.1195425764449882,0.7506927951289866,-1.343470279529558,-0.6628548796428232,1
1.0916269286212334,0.2644015036694036,-2.0346816726946724,-0.2915622462161692,1.45876398678589,3.088376290057495,3.3451148645508946,-1.101483756976957,-0.6039798866072239,-0.2929808157635392,0
-2.59414380473215,-2.9537270834735523,1.7114017557841346,0.5389555412712306,4.3102002750538215,-0.5155992867787782,2.970731905523586,0.4069067258566319,0.2401144977218622,2.6252453031466128,0
-1.4424448946296524,-1.4303141546639608,0.37227461003854023,-0.4054582292949679,1.8414287333661776,0.18600241905770154,0.8520156490683332,1.1681684014540978,-0.9076135332330816,1.4508638542566141,0
1.2907637953880373,2.2136473945265127,-0.5228525870362869,-0.8750582950458664,2.9612647884179992,-1.2194167379997898,1.7152781017596825,0.13281753341626526,-2.0129080438933564,1.138452119731508,1
-2.0296814774845937,-1.2239540900269654,0.4803350469534765,-1.2139115305321682,0.9282184246280287,1.1333366251099288,-0.2491053255817047,2.4261928146830667,0.8729328675754577,0.8695555187107679,0
0.5985993802303466,-1.318835405329959,0.37171923869004314,-0.8708089754203532,1.3750886068026222,-2.1939769839026635,-0.7998176892580449,-1.250025532784049,-0.892941968129662,3.7692094887831065,1
1.8536867806096642,-2.802447250810311,-0.17458772422775815,-0.9735580562071976,-1.7069505531546576,-0.6675630478985612,-2.4211702250063256,0.0314270093538459,-0.14736013475628804,3.9902033600049496,1
-0.1926987848027969,-0.5607235129670773,-2.0130006323096805,-1.5970187071858017,-0.12295689437340163,1.18294284962258,-0.8634127783753601,1.096542795975214,-1.931623977176875,1.1731322158281003,0
-0.09009912024783362,-2.7499747150084364,0.04011908243657868,-1.6779363878766835,-2.0666050033513597,-1.1209132721521702,-4.247883408250018,0.1632860530801324,0.3050005452097285,3.58952599174951,1
3.466084162503973,1.5035557223706943,-1.5833055896271162,1.245124663118267,-1.3303540645333491,0.053324926058771926,1.1295371315870213,-1.7959914814097162,-1.8917143889714996,-1.0800000665790819,1
-2.159454377492697,-0.9520210357669638,-0.9798657956974325,-2.9738353473735057,-1.815487663137322,-0.08193526389536587,-5.0168278748004385,-0.266613013279537,0.5959313470391664,1.6128113800965935,0
-0.3659341414447821,3.0713699860050805,1.2840410068362866,-0.9621914398703515,0.743525887901626,3.656978281372397,2.2287463207609512,2.0700263824782756,1.179913410425699,-3.519582590085094,0
1.0564753118132775,0.44812837520928395,-1.6237385821172297,-1.4036557686024302,0.24178170718133696,-0.6421595350335856,-1.033562227497578,0.07305819214956248,-0.6274428354765009,1.7577633939692114,1
1.0330530109797265,1.2639131645607913,0.22441720794411618,-0.8612743686473309,2.266123761382047,3.098105017728495,3.6389995740417573,0.9480843874360897,-1.5202660808946518,-0.42773190537277855,0
1.5789892691031273,0.20042996850470396,-0.8429055643243101,-0.22588442791045293,0.7691603701881262,-0.2503446064594703,0.8524371223457106,-0.14162098301052742,-1.705635950162387,1.2593094510977525,0
0.21121148219822428,-1.0640126907704963,-0.9038555419523364,-1.093564559873136,1.924456546293996,3.672305890758244,3.051265027580146,-0.9172026801316363,-1.8699026829164123,1.0106262723383623,0
-1.2657842787826405,-0.8624781250675815,0.6589541347810364,1.773886192770606,-1.5824143253861003,2.3802237792583814,1.1366044012477772,0.5624237301311782,-0.8527621652336447,-3.1240381054255404,1
3.608380748116966,0.4723104332949464,-0.5115852052062981,-1.5114708331592572,2.7933099830206047,-0.21001424988508044,2.2402377094321535,-0.6866592091733184,1.5751373210879114,3.93742672499119,1
0.03064052727581168,0.3806656358264391,0.20946196973019687,1.2766121343593966,-1.2012402855242437,1.6521722640761198,1.0978659411202563,1.0886147013193521,-1.0401663052212893,-2.632210577148294,1
1.5835223119368769,-3.41875999355197,0.24883707875137878,0.0180369594364429,3.4722849292973534,-1.1962027874894914,2.6267426338086954,0.00404195782316077,1.0807204988869867,5.715538808417106,1
-2.3246946181432175,-0.8923254026906451,-2.478638119127923,-1.4520343734682462,-0.19404169714590713,-0.4151199315081733,-2.4956245313041263,0.10122772783489464,0.5272865396919497,0.9226664069720233,0
1.328502813769254,0.7286796832784743,-0.7263593079771473,0.6941168645895465,-0.7341789879371816,0.22889954962442194,0.5613727714557684,0.50997691724033,-0.7313246069486086,-0.9159167895599468,1
0.65514155053079,0.8955356458976674,0.9958934155892449,1.3159076914977865,-1.667404680899874,0.6820391351014115,0.3457644152626503,-0.691931322338641,1.183920483851373,-2.5145999474826306,1
2.511560739225188,0.3802798581027862,-0.4564031828401075,-0.05851350316142312,1.738547306710735,3.3297122759747584,4.406272258833131,-1.4241224116579378,-0.5856218351657279,0.15238096086507794,0
1.7548329256114537,-0.618062885401986,0.7424442386469563,-2.6192350268351676,0.26087300510709077,-0.8002592191750313,-2.0307921066411483,0.299236461918441,0.7675900769499596,4.202432884159357,1
0.4738745636859929,-0.05878668810464216,1.9256261274619442,-0.845594529814345,1.6957170955934275,-1.0135255859663126,0.3018690701173172,-0.5721519329225444,-0.701178651923643,2.132289197974166,1
-2.1604754734682636,0.23970797847588454,-0.5793538328376587,4.80805389707686,-1.829943287517838,2.468921477338843,3.4049376068073447,-1.4353559159910807,-1.0271174242187837,-7.320114374032728,1
-2.4905082257643394,-2.706659314325317,-1.7768256615760247,-1.0317388395922908,2.5082092729123806,0.6538148917857244,0.7698734451675942,-0.7295630157376162,0.21081507795919088,2.5966419432228953,0
0.9117612804142561,2.7613002196521124,0.30983759319992266,-0.143013884719579,0.26830894876243916,0.23743457396898515,0.7631414234761643,-0.19678094887698314,0.8773505067396974,-1.8573252844576271,0
1.7508965465397521,0.7322903293235783,2.0267396784843514,-1.288947615804565,0.2513626583219284,-0.00632214903588546,-0.2882722992104703,1.1425235608781303,-0.2705148819041963,1.4850582201887514,1
0.6518396273382308,1.8022918714761844,0.9515573777304999,-1.237293011337526,1.790978655989861,-1.136737292859548,0.16871293011423186,1.4338344891601564,-0.6739213776630413,1.0011140675175392,1
1.611387806973639,-1.2053985868534234,0.012365095136532597,-1.5238650206258475,2.1030554254622897,-2.269206017170391,-0.43157847157014056,-0.3446612859620184,-1.4814469796527912,5.074592638473105,1
-0.15681618569303357,-0.1711056269170539,-0.38234194097565327,0.009920226299608537,1.4977112739775722,1.2099211953297875,2.0440434260327796,-0.29081461270758724,1.954711197261288,0.056236399586326244,0
0.7963358871997435,-0.6163388420055818,-0.6999653360405335,-1.0919842155854127,1.7619240263519984,4.185036094715285,3.4451190128725417,0.6196631181624246,-1.6621147135514407,0.6245084655864196,0
-1.3642315206243363,-0.627067303252185,-1.2645851145979052,-0.17260823240721868,1.49158574933812,1.1709021818159575,1.4396066091923507,-0.21540612797099312,-1.874728280561408,-0.0088840773026804,0
0.5912473455023057,-3.2083842651347005,0.4565998486985019,-1.2261408052433402,-0.5715977761359374,-0.8834758852133165,-2.185610482090612,0.531665595938595,-0.3421465631234604,4.418355143964554,1
1.2820620293679463,-0.3602254165391928,0.398062174853005,-1.5006709001760998,1.6966317999957496,-1.1650435925224782,-0.128020838613634,-1.493430736034726,0.08724143782060971,3.464151776986268,1
-0.7194756824959906,-0.84780432213055,-1.116865971932945,-0.9855619488970696,1.3310745969146205,2.364698043236806,1.5203396995941987,-1.0078023315985045,-0.4504631508837254,0.6155739227786384,0
0.5436595879836109,-4.08759756209966,0.20788037677769067,-0.309332878458652,2.109291375661824,-1.8473521989344222,0.334059200254134,1.539017375255416,1.4586813374587233,5.832353090464792,1
3.0696980957941986,0.7482212987958332,-1.2231388144094233,-1.3012535703052701,-0.954451631601914,1.776710656865553,0.1472610890638447,0.9387236162381593,0.7537356371784484,0.9080479735094402,1
1.7197130581392828,1.995753461650268,-0.7744616439243102,-0.12584599854170975,-0.37690866228025777,0.7199286536054493,0.6963351509968682,0.26427057306180435,-0.27870892421964716,-1.2248573944734718,1
-0.5353675773757711,-0.18943574336504898,0.6778539748410302,-0.6855486519700531,0.3036465324218224,0.0844468365506803,-0.453514967001036,-1.2846395953877447,1.2920536322271228,0.5459239621440302,0
1.0659748636554465,-0.059357466592036,0.7818798426041219,-1.4629118518998496,-0.7133349224638976,0.047219508186401526,-1.5485496095395652,1.504942189115205,-0.0032743790558235593,1.5897317395613513,1
-0.04578903526978095,1.1531233488548627,-0.16898649815484168,-2.1178548282582867,0.6970919389253376,2.2150108196566887,0.24051130039451207,-0.6181731623472644,1.619813234242322,0.0010726593468004153,0
1.4935844323024559,0.291333843876561,0.1751749493090029,-0.7734517857274866,0.7233993368545463,-1.397447417094201,-0.3985772939438542,0.09315877991765241,0.6545057527231394,2.118396577675684,0
-0.988019555103772,-0.35190252056164295,1.1616088136571376,-1.0401023028481535,0.4914945821707596,1.3671285462024045,0.05096176125168824,-0.7775331239548554,-0.3626028336796952,0.22867015516917938,0
2.4444345704000914,2.3274990415301975,0.019081627779767917,1.176980243252641,2.641161044816,1.845734997990744,5.491769315024727,0.4462018362894799,1.8534107978998282,-1.6518042597472946,0
-0.4436560752705756,-0.6393919748395211,-0.5157673445295374,-1.102410760968793,0.5850884950795833,-1.740465938059447,-1.70489209336621,-0.9996488843142238,-1.2634031625456064,2.3042939896838637,1
2.207793349513514,0.38282390685451784,1.7675023957653402,0.8956510006692953,-1.1463547805290661,1.7828850350778596,1.585782619409861,0.48809538137918235,1.2277999878516854,-1.187358507509724,1
1.7674236279853939,2.59890684035246,0.9605779037089842,1.3394193378463108,1.2011659795358256,1.635205149230528,4.015944251431394,-1.2386461271140756,-1.2584148305649208,-2.8316009726486953,0
3.440339004717403,3.324635353857662,-0.938954147968868,0.44285181518268935,-0.4264948104697158,-1.1062936572352036,0.652744769602551,2.2383531617708616,-0.3956003732457072,-1.1497388855215835,1
-2.3168244366737483,-1.8378307361215156,0.7293118165382786,-0.43412588923425344,2.1792112063561584,-0.18888572943328685,0.5895013490841823,-0.8232102514740889,1.677789754745502,1.6717281583352017,0
1.5875844658345528,1.4194336237247849,0.31148837705706356,-1.3305031362435344,-1.4066181039128454,-0.26160946029522203,-1.9707449245251663,-0.4413587915148518,-1.4414021873754232,0.3240485605475043,1
2.801442123490577,2.2095742498827673,0.9690405516353497,0.5386071549713558,-0.5762783041762563,-0.38201573319435544,0.7657577905596028,-0.00798120435170447,0.4472521554922508,-0.9724665623629535,1
-1.060068172984391,0.5280022261856208,1.7015660700528568,0.6038162097885723,-1.6127508435089992,3.1410452797982913,0.7386156485566673,0.43866796255825996,-1.266896712926594,-3.610246614794903,1
-0.8340646959684441,2.5106588634435734,-0.9540544541045877,-2.3531274811149334,0.12560609966857428,3.47186798970925,0.16074579188321741,-0.6976164506090564,-0.525458414206894,-2.219757861743652,0
0.8039330878972819,0.4378538785518785,-1.0482511637190517,-2.0638976412689174,0.9832518711048642,0.4315090756623444,-0.3529051971721095,0.09450765304739081,0.15121834399513978,1.977333241644141,0
0.7773872511810977,1.7373803185408268,-2.3882924507511794,-0.6226196600552966,0.8379514242934726,1.0013485334758108,1.2134641292373693,0.038498485695272235,0.7454472820569326,-0.7487946019148767,0
1.8792930541431834,0.3905691542115348,1.5444420988742655,-1.8047419500599315,-2.560818301936781,-0.31226099574930954,-3.436248139302943,-0.873668891922626,1.475732678992345,1.39563974029824,1
-0.9337609899865892,-0.1259288232273278,-0.377854888784894,-0.7626155741538134,1.0824585340491133,2.8943313334444705,1.8079888261843058,-0.4649261744158378,0.6960654170770493,-0.6702450928482911,0
-0.4638238414969029,2.6154876178571573,1.2551054165830837,-0.533453900715031,3.1512472321513645,-2.519343328232652,0.8489353617933257,2.406122358003271,-0.5243486162483538,0.22677756215078892,1
1.0472890397735048,0.3068759535034835,0.9533975332379796,-1.0037498693765288,0.5828175936461344,0.7969951656701966,0.5025138393612816,-0.11101346213176101,0.2046684378900604,0.9942992847734003,0
3.80891904909578,2.3319054327444024,0.6604209359413116,-2.928193174704786,-0.2435026290194071,0.5676651789918636,-1.0257854483804796,-0.8908042657446247,-1.1429771408530993,2.1163575199470706,1
2.361698438882709,-1.9917542991349309,-0.5974382974725463,-1.2960149705820032,0.7852808574706898,0.25256898553823626,0.33136468396210284,0.3992694076141758,1.8103026100041621,4.317557361150524,1
-1.7802022292166293,-1.0751557315924851,-0.9328631117935932,-1.1285093857511774,0.3925503143999852,-0.4198432799265255,-1.5331462823922342,-0.9969069603303903,-0.7749165337272664,1.3179411047047345,0
-1.9494736711009324,-1.6392737763925607,-0.7875678697260957,-0.45283922110722996,1.4359007612491976,-1.7956729589099951,-0.963658948502671,0.9527596891941905,-0.5136113022139397,2.175667561886511,0
-1.7581303894807152,0.6988691428630983,-1.0642447119332241,3.707712529884496,-2.950068935288976,2.106638979806236,1.3807960018208534,1.7670244943958617,-1.1187661628138466,-6.817850125818664,1
4.298524496392997,1.9099165794482973,-0.03927330695157529,-0.48257158502656217,0.7708423789283965,-0.6036812939224208,1.4004561937082174,-0.9079457135226163,0.6034780416679837,1.5728094098078742,1
-0.11261128799391384,-1.6520830490501992,-1.5313406139581673,-2.231499053440535,-0.5702027453213807,-2.27281413641896,-4.026231979367475,-0.07685619004705521,-0.8706210231258847,4.167962839162148,1
-0.16798034994178912,-0.4571063477821242,0.09636924005999573,0.9607817309402339,-0.6228153225382734,1.083164862838152,0.8618169883221191,-1.2681436516314983,0.7839676512169459,-1.242490285665539,1
0.5140987470603666,-1.102169489525588,1.1061868381238813,-1.3037400593259414,0.3000263237435249,-1.6050674170752823,-1.783910055281726,0.3481068147147108,-0.6367951015495571,3.2300458705055823,1
-4.661167604779565,-2.5714853132205833,0.1949295738109782,-2.074258685643237,-0.39928914387252745,-2.99065290857388,-5.690478037765629,-0.4699825733300084,-1.5793656993630016,2.824108353122481,0
-0.015871225784124476,-0.2752442335131111,-0.7186870441488834,-0.43890181865676525,3.7826705221533823,-2.8992243861595286,1.182239247876782,0.3492255625444667,0.17688583943000827,3.366096912739478,1
-2.1606432710904784,-0.5569813250265703,-0.3075567351812621,-1.5361510724737995,-0.5766034202284112,-0.1340101790522028,-2.6595201810415205,0.011936780181387968,0.8365201560389821,0.5112987971157578,0
0.9850725348498415,-1.9414834776430354,-0.9371511578343226,-1.2936814482915706,-0.07278916559558768,-1.0512786828473755,-1.6800484168467564,-0.17249603439745634,-0.19542420296937088,3.8230198861459836,1
0.1634490948689289,-0.9157977073038414,-0.2502361656570745,-0.24386767364332684,2.4425950933974985,2.0447453100973276,3.236282013112257,1.1504870500333517,-0.28699218579099883,1.0714504132644365,0
1.5012532270411645,-1.1117189847807707,0.4349370541780767,-0.8454295085148154,1.0988194393097115,-0.7320220130911901,0.18587692841979422,1.2724965439077798,0.5488278614010552,3.2630408864253826,1
2.009221918945861,-0.6353698274233974,0.3738371450016698,-0.6949940088593742,1.0819444089288979,-0.7749706505320935,0.4713491278194589,-0.5520436151630664,2.3517718389720548,2.994463651778858,0
-2.4250308051557696,-0.7605010760102454,-1.248270509868803,-1.2708328651819656,-0.43899881646384276,-1.663062542246943,-3.3572273862291557,-1.3012526243920979,-0.3002647179188309,1.0841132164059422,0
-2.0124673769017702,-1.6037630616881957,-0.06937836694032916,-1.612864957697768,0.21762700268699808,-0.9504461795188714,-2.5548107884182,1.0725207141772715,1.089787014204167,2.2613522327809275,0
0.27612171201530433,0.5967046855427622,0.4615180463781131,-0.5066742721969006,0.8474390771751712,3.2587691859755474,2.4835304910195126,-0.48495442679826284,1.8259972117410466,-1.144724075432394,0
1.3636531549494708,1.397042713048661,0.3788336326894784,-0.17481537929178315,1.2309667897022307,1.097662045215939,2.174200940071364,0.16851340233342924,-1.2566472506290483,-0.4168597569045404,0
-0.01868796015471763,1.8277647032624071,-0.9959479907832324,1.78529194698562,-1.911700526909497,2.0358699231826307,1.2355023709063722,0.23776116459489285,0.7540621272311238,-4.824690038245891,1
-2.140411659149887,-0.972022091585097,-1.7732074077890467,-2.0907194169284242,-0.32525142913997906,1.4474759283559775,-1.9554075977889531,0.7241672408771637,0.05769722216578412,0.7273709765077035,0
1.977943844106814,1.4699889587871033,-1.12611397577874,0.5298042960636571,1.4194673650676708,3.607797221017965,4.718310953348789,-0.8351576048625073,0.3913375808446224,-1.8540021960160138,0
1.3511168398978828,-1.0327015491079823,-0.017746692418393682,0.04978420553700946,-0.3996332149539299,0.4214805341332557,0.2951487747441724,-0.9134251263173027,-0.7329008084917776,1.2510813619088188,1
-0.4308196013078661,-0.4782087324307843,-0.46621078219393086,-1.4433402929488641,0.753402544242825,3.0753617713857504,1.166510645838146,1.0015304243744003,-0.17448450661702508,0.289173197649798,0
0.3231191923740151,1.6249718100759818,0.4622624644542042,2.424827055560355,-1.2471183103233803,1.331544283796592,2.0409459960673644,0.88323257530898,-0.8462132852877351,-4.43747900838837,1
2.003507672676358,0.458739559322203,1.0224482728559243,-2.1442139539787504,-0.45181124072971834,3.3423439878385097,0.48307919164856933,1.5721554799027153,1.1903520289564116,0.7823023492770836,1
-1.62550587301129,-0.5221514165916048,-0.5038392538876806,4.843362462447054,-2.460588711634629,2.724611595776703,3.139721051998836,-1.8614844505554884,2.1597392606609995,-6.741285771936642,1
-0.2755601065156412,-1.5064663797645996,0.6682132544361378,-0.9808526342653481,2.04189663592748,-2.5497747866000244,-0.8089186162243704,0.6780199154669925,-1.3477869752125091,3.9781462708898103,1
-0.5279326242683451,0.9162764812766022,1.0994870253330813,4.490632851405556,-2.0520881450237116,1.3062768852509818,2.773056758651633,-0.5483991391083297,-1.9076118069567995,-6.322801826655152,1
-0.578701583259458,3.3961104808462586,-0.12452242443886458,-0.7965278526690013,0.8646458788450205,4.12237945442617,2.728727148481284,1.1917378358214277,-0.06771719735270462,-4.234821635761064,0
1.8181826191509902,1.6084825556279099,-1.989815518799147,0.35056668553997405,-1.035452051044748,1.2206684546071869,0.8323037505976533,-0.0353900781738251,2.091576369778548,-1.7145949964293286,1
-2.8639382549042818,-0.5735209740244387,-0.6644371821053475,3.333676427643586,-1.8582914883450465,1.6010086894832019,1.2747593452686286,1.1433198239615687,-1.4983689854658357,-5.313240712401776,1
2.329580360541881,1.5428899522278672,0.6196889216121123,0.4610532098195663,2.664648649438,1.5294779292570433,4.598270222764636,-1.2905227272912905,-2.6191522050533393,-0.244885191399538,0
1.7654009350511073,2.5453227885748637,-0.8177041519860727,1.0677505654585613,-1.1403689531426242,0.889596757026264,1.2092130151545017,1.5457331421535163,-0.1520908861467986,-3.077276895054627,1
2.3874381081457505,0.5214501678620717,1.5538005010876805,0.4060669429820243,0.7969634803521886,-0.9156463853834134,1.2913945395388613,1.0909666745194195,-2.060443037409089,1.1806973692662392,0
1.914748051410606,1.1599263086195308,0.492239464464855,-1.693740252468643,0.3638538781648206,1.3317893162664773,0.3792277447806191,-2.6756846490362367,0.5216912595809831,0.9608402061549983,1
2.5260577955538124,-0.3937149675074715,-1.7346403355315245,-3.2770443742198374,-1.517731676597934,-0.8100060874171604,-3.9435928815467904,0.48861309641645756,-0.5129346017785028,4.321306945410093,1
0.05332636905870214,2.0883039879065723,-0.5123173104590948,-1.762022355262942,1.1272779641332662,2.7774591400139954,1.3885017546268146,-1.6563805271410257,0.33917757913548424,-1.1842058697637734,0
0.8276872908156148,1.3361427684653422,-0.5507167881185753,1.4471646335564083,-1.2657106736429327,0.5896442707685177,0.8508012478877813,0.3066983736594359,-0.09634663149429264,-2.734878323813517,1
3.531633763176552,2.8188546789237803,-0.8394815912727899,-0.7480705946280972,0.24795224527784754,-0.513231488047063,0.5840319863777512,0.27835816644536276,2.8917029899567672,0.34745038129926625,1
-1.2888568950120431,2.1267321070024874,-1.7055515908996055,-0.7703177297423828,-0.5425710004499162,-1.136306921286464,-2.1085331524175164,-0.2759154704361769,-2.2418963547748287,-1.5910088300754068,1
-1.6230443287100111,-1.4262210544408735,0.47404231151220627,-1.6230575459252705,0.14557346205804722,-0.18739197698581145,-2.016446895569813,0.3176463690106352,-0.567917478585953,1.9388664894696253,0
1.4770654246243917,0.8926936350364488,0.8157651649899931,-0.19361406172346762,0.5578302688590266,0.8040694161440183,1.3681740103660183,-0.4009151935441269,0.6611027776811732,-0.00612106338719856,0
2.4311218408002873,-0.8122317152475984,0.2262633165688082,-1.462023081453522,-0.4732740885502402,0.2548397066965955,-0.8291217816014428,-1.1775186159066409,-0.18871159973983392,2.978732170446904,1
1.7881388341138673,-1.7217291980259288,0.15359913525416638,-0.9067993311743525,1.0366268621902492,-1.3615558789605147,-0.271257014367283,0.6109643442466431,-0.9545956492889311,4.279943547467878,1
1.7330993817183513,-0.3387952894560977,-0.6217693528332011,-1.0503889858917148,1.269762578779595,-0.18591224623369085,0.6337524974623658,0.25442645742672076,0.17907053145719495,2.685518348366211,0
-0.015637606469394383,3.862396640041151,0.9572338077486858,-0.3303207892011061,0.5956972470390075,3.254941852410129,2.5650903345744878,1.5873276541102175,-0.01222758521992526,-4.447649066395404,0
1.79474590047366,0.8181767125645697,1.558183630762687,-0.41635467399906834,1.1227685838844652,-0.34070317423765406,1.063456902360135,-0.8208600201629043,0.053212197103539735,1.1620129495156746,0
1.5964906432442976,1.224927988524658,1.0823538731623088,-0.3177201300896063,1.757463970866057,1.8205679184507182,3.0334761115061126,-0.26130011056889496,-0.7888492497413011,-0.15643467820817988,0
-4.039090993632669,-1.933390612335021,0.23005561154550086,-1.3426869532885415,0.8013899424593363,-0.8806350395246361,-2.4181578594739186,0.5889111175754248,-0.4297759261530207,1.4277205547305347,0
1.1276861360528632,0.8214939970979033,-0.9798387725414921,3.335621096337427,-2.444409555400454,1.4663339011847152,2.033777984800815,-0.014977773629630677,-1.1017743629397738,-4.584788259311917,1
1.2583413368754193,-1.4255320138838388,-0.6643822914959687,-1.6095616215457293,1.1847980512730065,-1.583085698344538,-1.031083658989251,-0.653677053748058,-0.8605465725486288,4.495834789598807,1
0.6987718242416104,-1.5710617785045207,-0.359498776645418,-0.09328361462368806,-1.2184578145968823,0.7282426960666983,-0.6200343485753523,0.9916471684145696,-0.009698662182608321,1.0581488939662411,1
1.4973384921806348,-0.0290201763602822,-0.3370574860446252,-0.4513920278932426,0.7186811546593221,-0.49259899577879196,0.4171772712913515,0.6668723450757911,0.588500786261195,1.707143533846908,0
-0.8568563932097389,-1.6484701053752184,0.09130117105966842,-0.3790112171403469,1.7979799120220865,-0.6482536805972601,0.4846444984266166,0.5800728940775537,-0.38368425507628,2.304940031993274,0
0.6433866443315089,-0.4408377404665287,0.8108631155983491,-2.746841923635824,1.0015771416945414,0.3117984552173373,-1.121578860576626,-0.7743014221048548,-0.3941557711847975,3.3221484734796185,0
0.16063568660779692,2.64352395343037,-1.7091635551904558,-1.1725819888570035,1.7640681093034782,3.250192022426332,2.8424560861214947,2.4372425759242193,1.0001293357539818,-2.109359808812647,0
1.108788428020296,1.8161222488892483,0.030747583087498632,-0.40846647227362154,1.406678907092885,1.8745930043597365,2.5645070418668747,0.6423725916415679,-0.8443284487895042,-1.0196488597521258,0
0.21083604168395575,-0.1276456203669467,2.0548546198131667,1.8125219984586778,-2.5234067186189435,2.7508919332835506,1.0789161618901733,0.9739051199932285,0.08823575388594865,-3.546270848688869,1
1.5463095826692013,1.9939972108636663,0.41971082035867624,0.0010603045908841313,1.743455276368338,1.6125006648912332,3.2107961026064022,-1.2221760651510123,0.9899490399685423,-1.0495751109334255,0
1.4401379839356756,0.45809908887899,1.423754075307279,-0.8994233681833603,1.0073616801450245,0.4783831680034849,0.9112957287011645,-0.2110686698851942,-1.3716446439538834,1.285298835585582,0
0.0834519239100755,-3.7713551520275463,1.4948228998923268,-0.22774389114941196,1.4212177234599221,-0.7583487487732643,0.3443883965379629,-2.103500091725501,-0.822335471352724,4.4746106858404895,1
0.26175690425446374,0.16621933085916474,1.3882009388541612,-2.747271643178631,0.4294077986802055,1.0522590339453988,-1.2485372245028148,0.10525970102333387,1.2297551305579804,2.022923350629712,0
2.2892032244574896,-2.645477464171656,0.8162218725571921,-1.4113324284247075,1.0859921453162202,-0.5675871965645911,-0.08246957234157025,0.4078100146177539,1.4072997065345885,5.451722787725192,1
1.2256029136556865,-1.389880874577236,-0.40677521629388924,-1.6064457977705358,2.5009435836205443,-1.0899773610767252,0.45251725417030003,-1.7654286975257067,1.2972492001860536,4.705105259075627,1
